"rpkm.high.soma1.Soma1"	"Soma2"	"MeanSoma"	"Mix2"
"ERCC-00002"	62.9010886277101	165.25027296379	114.07568079575	6e+07
"ERCC-00003"	15.4821887000723	13.638969753889	14.5605792269807	3750000
"ERCC-00004"	36.5432896214917	26.3675019277924	31.455395774642	3750000
"ERCC-00009"	4.79656188781205	10.556957905456	7.67675989663405	1875000
"ERCC-00012"	0	0	0	343.32276
"ERCC-00013"	0.0144707453671595	0	0.00723537268357976	3662.10938
"ERCC-00014"	0.0014936589494973	0.00488330127124565	0.00318848011037148	14648.4375
"ERCC-00016"	0	0	0	686.6455
"ERCC-00017"	0	0	0	57.22046
"ERCC-00019"	0.0257207761857276	0.0296789459249308	0.0276998610553292	14648.4375
"ERCC-00022"	1.95910641450998	4.16113839177053	3.06012240314026	937500
"ERCC-00024"	0.00181784239065064	0	0.000908921195325318	686.6455
"ERCC-00025"	0.0312734530435704	0.0527195719488992	0.0419965124962348	117187.5
"ERCC-00028"	0.000862268602998886	0	0.000431134301499443	1831.05468
"ERCC-00031"	0.00342482784319417	0.00839773338121945	0.00591128061220681	3662.10938
"ERCC-00033"	0.00144564320680822	0	0.00072282160340411	915.52734
"ERCC-00034"	0.0277296782338307	0.0797166584853147	0.0537231683595727	14648.4375
"ERCC-00035"	0.197459510086745	0.435545097586839	0.316502303836792	234375
"ERCC-00039"	0.019750611920042	0.0258287042914263	0.0227896581057342	10986.32812
"ERCC-00040"	0	0	0	2746.58204
"ERCC-00041"	0	0.00425874357746334	0.00212937178873167	915.52734
"ERCC-00042"	3.77839695928557	2.9660088334656	3.37220289637558	937500
"ERCC-00043"	17.0470755677573	14.6151836849037	15.8311296263305	1875000
"ERCC-00044"	0.0606870013321707	0.0950701875086669	0.0778785944204188	351562.5
"ERCC-00046"	330.262568831176	210.712499340236	270.487534085706	1.5e+07
"ERCC-00048"	0.000982221291722521	0	0.000491110645861261	57.22046
"ERCC-00051"	1.37975564342639	0.418538127934061	0.899146885680227	117187.5
"ERCC-00053"	0.276212532945	0.280252803162104	0.278232668053552	58593.75
"ERCC-00054"	0.170691419805327	0.0871954433195961	0.128943431562461	43945.3126
"ERCC-00057"	0	0	0	42.91534
"ERCC-00058"	0.002573143102259	0	0.0012865715511295	5493.16406
"ERCC-00059"	0.161465954972991	0.318554019594258	0.240009987283625	58593.75
"ERCC-00060"	2.25426359632959	2.44854141256007	2.35140250444483	468750
"ERCC-00061"	0	0	0	228.88184
"ERCC-00062"	0.0571474206093103	0.0840758409486311	0.0706116307789707	29296.875
"ERCC-00067"	0.0181558420134548	0.0148394729624654	0.0164976574879601	7324.21876
"ERCC-00069"	0.00342784000488563	0.0210127981262703	0.012220319065578	7324.21876
"ERCC-00071"	0.31416393913936	0.86337070731154	0.58876732322545	175781.25
"ERCC-00073"	0.00807929951400283	0.00792422934314074	0.00800176442857178	1831.05468
"ERCC-00074"	1212.98365449942	981.906149994748	1097.44490224708	4.5e+07
"ERCC-00075"	0	0	0	28.61024
"ERCC-00076"	1.25817345674652	3.24508300334337	2.25162823004495	703125
"ERCC-00077"	0.203438537432814	0.175029681095746	0.18923410926428	14648.4375
"ERCC-00078"	0.176621786354455	0.409019511563624	0.292820648959039	117187.5
"ERCC-00079"	0.252668801353913	0.727134175160806	0.489901488257359	234375
"ERCC-00081"	0.00182465078911749	0	0.000912325394558746	915.52734
"ERCC-00083"	0	0	0	14.30512
"ERCC-00084"	0.0960640091510026	0.0817216046242814	0.088892806887642	87890.625
"ERCC-00085"	0.0184713463770377	0.033969030525454	0.0262201884512459	3662.10938
"ERCC-00086"	0	0.00468461793520967	0.00234230896760484	457.76368
"ERCC-00092"	0.115293904221266	0.297581601934138	0.206437753077702	117187.5
"ERCC-00095"	0.742461262939213	0.431056782752307	0.58675902284576	58593.75
"ERCC-00096"	18.9952476559082	53.9685759754337	36.481911815671	3e+07
"ERCC-00097"	0	0	0	228.88184
"ERCC-00098"	0	0	0	171.66138
"ERCC-00099"	0.0368092885857969	0.0991056949848802	0.0679574917853385	43945.3126
"ERCC-00104"	0	0	0	457.76368
"ERCC-00108"	1.32139710434911	3.27749072018945	2.29944391226928	468750
"ERCC-00109"	0	0	0	1831.05468
"ERCC-00111"	1.35175784305339	3.05254229037757	2.20215006671548	1406250
"ERCC-00112"	0.769369787575441	1.14830872380148	0.958839255688462	468750
"ERCC-00113"	18.8574140085914	33.596072137923	26.2267430732572	11250000
"ERCC-00116"	0.0474702468983967	0.0839984230472051	0.0657343349728009	234375
"ERCC-00117"	0.000857714367419666	0	0.000428857183709833	114.44092
"ERCC-00120"	0.00545352717195191	0.0267442740331	0.016098900602526	2746.58204
"ERCC-00123"	0	0	0	114.44092
"ERCC-00126"	0.00348609488868959	0	0.0017430474443448	29296.875
"ERCC-00130"	8.24390665877537	17.2542573785898	12.7490820186826	1.5e+07
"ERCC-00131"	0.154179441776169	0.254099509793085	0.204139475784627	58593.75
"ERCC-00134"	0.0106682137378329	0	0.00533410686891646	915.52734
"ERCC-00136"	2.37412679896947	2.55336619771583	2.46374649834265	937500
"ERCC-00137"	0	0	0	3662.10938
"ERCC-00138"	0.00190305375271238	0	0.000951526876356192	228.88184
"ERCC-00142"	0.00197639659510901	0	0.000988198297554504	457.76368
"ERCC-00143"	0.03976993964852	0.0670426189197099	0.0534062792841149	10986.32812
"ERCC-00144"	0.0253551845714542	0.0355264705867202	0.0304408275790872	14648.4375
"ERCC-00145"	2.08712032604575	3.81531109840339	2.95121571222457	2812500
"ERCC-00147"	0.000952457010155172	0.00467088005270173	0.00281166853142845	457.76368
"ERCC-00148"	0.0177515621305641	0.154763086442554	0.0862573242865592	29296.875
"ERCC-00150"	0.0183594741580651	0.00643110402949376	0.0123952890937794	7324.21876
"ERCC-00154"	0	0.00889815697190664	0.00444907848595332	3662.10938
"ERCC-00156"	0	0	0	228.88184
"ERCC-00157"	0.024861090830331	0.0890950888953518	0.0569780898628414	21972.6562
"ERCC-00158"	0.0113849681174926	0.0139580631759899	0.0126715156467412	915.52734
"ERCC-00160"	0.196708651693555	0.366572929681145	0.28164079068735	29296.875
"ERCC-00162"	0.760115328349152	0.694362490128975	0.727238909239063	175781.25
"ERCC-00163"	0.084337174042856	0.184796530703851	0.134566852373354	58593.75
"ERCC-00164"	0	0	0	1373.29102
"ERCC-00165"	0.322925524863929	0.969909314246278	0.646417419555103	234375
"ERCC-00168"	0.0133213762689867	0.0559958237568031	0.0346586000128949	1831.05468
"ERCC-00170"	0.0438130224671379	0.0280252803162104	0.0359191513916741	7324.21876
"ERCC-00171"	11.1135324419785	25.3770855609445	18.2453090014615	7500000
