"rpkm.high.pgc1.PGC1"	"PGC2"	"MeanPGC"	"Mix1"
"ERCC-00002"	86.8513633781225	93.2762320283467	90.0637977032346	3e+07
"ERCC-00003"	8.58298340464094	7.18507968859345	7.8840315466172	1875000
"ERCC-00004"	153.051327240869	144.521003041799	148.786165141334	1.5e+07
"ERCC-00009"	11.8252510041833	12.6650027791458	12.2451268916645	1875000
"ERCC-00012"	0	0	0	228.88184
"ERCC-00013"	0.00264142484457434	0.00822013657263707	0.0054307807086057	1831.05468
"ERCC-00014"	0	0	0	7324.21876
"ERCC-00016"	0.00505751486828451	0	0.00252875743414226	457.76368
"ERCC-00017"	0	0	0	228.88184
"ERCC-00019"	0.215415578939509	0.460668026393665	0.338041802666587	58593.75
"ERCC-00022"	2.16269033266395	2.52939403501672	2.34604218384033	468750
"ERCC-00024"	0	0	0	457.76368
"ERCC-00025"	0.137004374686688	0.129906190409699	0.133455282548193	117187.5
"ERCC-00028"	0.0151098851286093	0.00783701516305694	0.0114734501458331	7324.21876
"ERCC-00031"	0.00937729030938516	0	0.00468864515469258	3662.10938
"ERCC-00033"	0.00422209945482901	0.00328480234950087	0.00375345090216494	3662.10938
"ERCC-00034"	0.0733066679141926	0.065180278220714	0.0692434730674533	14648.4375
"ERCC-00035"	0.498626209244107	0.619124197881498	0.558875203562802	234375
"ERCC-00039"	0.0374939548208227	0.0239346679304171	0.0307143113756199	7324.21876
"ERCC-00040"	0	0.00892724509501445	0.00446362254750723	1831.05468
"ERCC-00041"	0.00190220256186815	0.00197322351476255	0.00193771303831535	457.76368
"ERCC-00042"	4.19552251500558	3.62933091499133	3.91242671499845	937500
"ERCC-00043"	10.0955412481909	10.3361266845549	10.2158339663729	937500
"ERCC-00044"	0.0812352388186045	0.107250501625918	0.094242870222261	234375
"ERCC-00046"	134.643079191179	145.684294173612	140.163686682396	7500000
"ERCC-00048"	0	0	0	28.61024
"ERCC-00051"	0.942506657680086	0.880734632877484	0.911620645278785	117187.5
"ERCC-00053"	0.388049322621102	0.348433081284201	0.368241201952651	58593.75
"ERCC-00054"	0.101261045866456	0.0969616109589891	0.0991113284127223	29296.875
"ERCC-00057"	0	0	0	28.61024
"ERCC-00058"	0.00375751984932406	0.00779562247733657	0.00577657116333031	3662.10938
"ERCC-00059"	0.191068095042962	0.257240692947388	0.224154393995175	29296.875
"ERCC-00060"	3.28914464087829	3.09445967262903	3.19180215675366	468750
"ERCC-00061"	0	0	0	114.44092
"ERCC-00062"	0.342151015644413	0.326791274993256	0.334471145318835	117187.5
"ERCC-00067"	0.0231986008088703	0.0378160320173904	0.0305073164131303	7324.21876
"ERCC-00069"	0.00938553770631514	0.0155775323381783	0.0124815350222467	3662.10938
"ERCC-00071"	0.528581203476876	0.61038995434697	0.569485578911923	117187.5
"ERCC-00073"	0.0141576867291281	0.022029420731976	0.018093553730552	1831.05468
"ERCC-00074"	959.624788241039	942.403362907046	951.014075574042	3e+07
"ERCC-00075"	0	0	0	28.61024
"ERCC-00076"	2.38692644085784	2.05187583523416	2.219401138046	468750
"ERCC-00077"	0.0547249044722068	0.113536245310953	0.0841305748915799	7324.21876
"ERCC-00078"	0.251470029311862	0.227415500426471	0.239442764869167	58593.75
"ERCC-00079"	0.318152239664506	0.374722499081414	0.34643736937296	117187.5
"ERCC-00081"	0	0.00414598648607413	0.00207299324303706	457.76368
"ERCC-00083"	0.0083533122286343	0	0.00417665611431715	57.22046
"ERCC-00084"	0.139565022974893	0.135866563176437	0.137715793075665	58593.75
"ERCC-00085"	0.0429888763804183	0.0419707447121059	0.0424798105462621	14648.4375
"ERCC-00086"	0	0.00217054586623881	0.0010852729331194	228.88184
"ERCC-00092"	1.59120936651304	1.46546605602429	1.52833771126867	468750
"ERCC-00095"	3.30177091589126	2.80462855499418	3.05319973544272	234375
"ERCC-00096"	53.5187319842055	55.6589135380077	54.5888227611066	3e+07
"ERCC-00097"	0.0122424738494229	0	0.00612123692471146	915.52734
"ERCC-00098"	0	0	0	114.44092
"ERCC-00099"	0.0521710755968371	0.0442791356712717	0.0482251056340544	29296.875
"ERCC-00104"	0	0.00218986823300058	0.00109493411650029	457.76368
"ERCC-00108"	13.9917979829625	14.5770207403125	14.2844093616375	1875000
"ERCC-00109"	0.00796369878513456	0.00413051638724549	0.00604710758619003	1831.05468
"ERCC-00111"	2.11924119501877	2.06027165472466	2.08975642487172	937500
"ERCC-00112"	0.84356320617325	0.896496584893705	0.870029895533478	234375
"ERCC-00113"	23.7209007356528	23.5839110706273	23.6524059031401	7500000
"ERCC-00116"	0.632456078305112	0.689429033555712	0.660942555930412	937500
"ERCC-00117"	0	0	0	114.44092
"ERCC-00120"	0.0119455481777018	0.00826103277449099	0.0101032904760964	1831.05468
"ERCC-00123"	0.0104416402857929	0.00433259644532991	0.00738711836556139	457.76368
"ERCC-00126"	0.019090082955421	0.0257436835298091	0.022416883242615	29296.875
"ERCC-00130"	76.8922114568424	74.5240013821446	75.7081064194935	6e+07
"ERCC-00131"	1.05467880097603	1.26634882172703	1.16051381135153	234375
"ERCC-00134"	0.00778931122049658	0.0161602684931649	0.0119747898568307	3662.10938
"ERCC-00136"	11.2705225575408	10.6175623482807	10.9440424529108	3750000
"ERCC-00137"	0	0	0	1831.05468
"ERCC-00138"	0	0	0	228.88184
"ERCC-00142"	0	0	0	457.76368
"ERCC-00143"	0.049001126198328	0.0931895074714264	0.0710953168348772	7324.21876
"ERCC-00144"	0.285627382449733	0.427976776004857	0.356802079227295	58593.75
"ERCC-00145"	2.56440272127535	2.67502072025581	2.61971172076558	1875000
"ERCC-00147"	0.0125177200845517	0.0238059869200385	0.0181618535022951	1831.05468
"ERCC-00148"	0.060485420732439	0.0448169389385341	0.0526511798354866	29296.875
"ERCC-00150"	0.0373425660395812	0.053635561378391	0.0454890637089861	7324.21876
"ERCC-00154"	0.0516676472391226	0.0700880173567615	0.0608778322979421	14648.4375
"ERCC-00156"	0	0	0	915.52734
"ERCC-00157"	0.0481729532007551	0.0304174631696665	0.0392952081852108	14648.4375
"ERCC-00158"	0.0374068967278375	0.00646725447973783	0.0219370756037877	915.52734
"ERCC-00160"	0.212565375917616	0.214542245513564	0.21355381071559	14648.4375
"ERCC-00162"	0.632527815553518	0.622278484099134	0.627403149826326	117187.5
"ERCC-00163"	0.102193468019922	0.0693135641263001	0.085753516073111	29296.875
"ERCC-00164"	0	0.00649889466799487	0.00324944733399743	915.52734
"ERCC-00165"	0.496854436589978	0.502710370579805	0.499782403584891	117187.5
"ERCC-00168"	0.033347988662751	0.034593074743181	0.033970531702966	915.52734
"ERCC-00170"	0.0876240405918618	0.125522476487476	0.106573258539669	29296.875
"ERCC-00171"	27.4116504670546	30.8682568575667	29.1399536623107	7500000
